0 
3 2 1 0 
6 5 4 4 4 2 2 1 0 
13 11 10 10 9 7 6 6 6 5 4 3 3 2 1 0 
22 20 18 18 18 17 15 13 13 13 12 10 8 8 8 8 7 5 5 4 4 3 2 1 0 
33 31 29 28 28 28 27 25 23 22 22 22 21 19 17 16 16 16 15 13 11 10 10 10 10 9 7 6 6 5 5 4 3 2 1 0 
46 44 42 41 40 40 40 39 37 35 34 33 33 33 32 30 28 27 26 26 26 25 23 21 20 19 19 19 18 16 14 13 12 12 12 12 11 9 8 7 7 6 6 5 4 3 2 1 0 
61 59 57 56 55 54 54 54 53 51 49 48 47 46 46 46 45 43 41 40 39 38 38 38 37 35 33 32 31 30 30 30 29 27 25 24 23 22 22 22 21 19 17 16 15 14 14 14 14 13 11 10 9 8 8 7 7 6 5 4 3 2 1 0 
78 76 74 73 72 71 70 70 70 69 67 65 64 63 62 61 61 61 60 58 56 55 54 53 52 52 52 51 49 47 46 45 44 43 43 43 42 40 38 37 36 35 34 34 34 33 31 29 28 27 26 25 25 25 24 22 20 19 18 17 16 16 16 16 15 13 12 11 10 9 9 8 8 7 6 5 4 3 2 1 0 
97 95 93 92 91 90 89 88 88 88 87 85 83 82 81 80 79 78 78 78 77 75 73 72 71 70 69 68 68 68 67 65 63 62 61 60 59 58 58 58 57 55 53 52 51 50 49 48 48 48 47 45 43 42 41 40 39 38 38 38 37 35 33 32 31 30 29 28 28 28 27 25 23 22 21 20 19 18 18 18 18 17 15 14 13 12 11 10 10 9 9 8 7 6 5 4 3 2 1 0 
118 116 114 113 112 111 110 109 108 108 108 107 105 103 102 101 100 99 98 97 97 97 96 94 92 91 90 89 88 87 86 86 86 85 83 81 80 79 78 77 76 75 75 75 74 72 70 69 68 67 66 65 64 64 64 63 61 59 58 57 56 55 54 53 53 53 52 50 48 47 46 45 44 43 42 42 42 41 39 37 36 35 34 33 32 31 31 31 30 28 26 25 24 23 22 21 20 20 20 20 19 17 16 15 14 13 12 11 11 10 10 9 8 7 6 5 4 3 2 1 0 
141 139 137 136 135 134 133 132 131 130 130 130 129 127 125 124 123 122 121 120 119 118 118 118 117 115 113 112 111 110 109 108 107 106 106 106 105 103 101 100 99 98 97 96 95 94 94 94 93 91 89 88 87 86 85 84 83 82 82 82 81 79 77 76 75 74 73 72 71 70 70 70 69 67 65 64 63 62 61 60 59 58 58 58 57 55 53 52 51 50 49 48 47 46 46 46 45 43 41 40 39 38 37 36 35 34 34 34 33 31 29 28 27 26 25 24 23 22 22 22 22 21 19 18 17 16 15 14 13 12 12 11 11 10 9 8 7 6 5 4 3 2 1 0 
166 164 162 161 160 159 158 157 156 155 154 154 154 153 151 149 148 147 146 145 144 143 142 141 141 141 140 138 136 135 134 133 132 131 130 129 128 128 128 127 125 123 122 121 120 119 118 117 116 115 115 115 114 112 110 109 108 107 106 105 104 103 102 102 102 101 99 97 96 95 94 93 92 91 90 89 89 89 88 86 84 83 82 81 80 79 78 77 76 76 76 75 73 71 70 69 68 67 66 65 64 63 63 63 62 60 58 57 56 55 54 53 52 51 50 50 50 49 47 45 44 43 42 41 40 39 38 37 37 37 36 34 32 31 30 29 28 27 26 25 24 24 24 24 23 21 20 19 18 17 16 15 14 13 13 12 12 11 10 9 8 7 6 5 4 3 2 1 0 
193 191 189 188 187 186 185 184 183 182 181 180 180 180 179 177 175 174 173 172 171 170 169 168 167 166 166 166 165 163 161 160 159 158 157 156 155 154 153 152 152 152 151 149 147 146 145 144 143 142 141 140 139 138 138 138 137 135 133 132 131 130 129 128 127 126 125 124 124 124 123 121 119 118 117 116 115 114 113 112 111 110 110 110 109 107 105 104 103 102 101 100 99 98 97 96 96 96 95 93 91 90 89 88 87 86 85 84 83 82 82 82 81 79 77 76 75 74 73 72 71 70 69 68 68 68 67 65 63 62 61 60 59 58 57 56 55 54 54 54 53 51 49 48 47 46 45 44 43 42 41 40 40 40 39 37 35 34 33 32 31 30 29 28 27 26 26 26 26 25 23 22 21 20 19 18 17 16 15 14 14 13 13 12 11 10 9 8 7 6 5 4 3 2 1 0 
222 220 218 217 216 215 214 213 212 211 210 209 208 208 208 207 205 203 202 201 200 199 198 197 196 195 194 193 193 193 192 190 188 187 186 185 184 183 182 181 180 179 178 178 178 177 175 173 172 171 170 169 168 167 166 165 164 163 163 163 162 160 158 157 156 155 154 153 152 151 150 149 148 148 148 147 145 143 142 141 140 139 138 137 136 135 134 133 133 133 132 130 128 127 126 125 124 123 122 121 120 119 118 118 118 117 115 113 112 111 110 109 108 107 106 105 104 103 103 103 102 100 98 97 96 95 94 93 92 91 90 89 88 88 88 87 85 83 82 81 80 79 78 77 76 75 74 73 73 73 72 70 68 67 66 65 64 63 62 61 60 59 58 58 58 57 55 53 52 51 50 49 48 47 46 45 44 43 43 43 42 40 38 37 36 35 34 33 32 31 30 29 28 28 28 28 27 25 24 23 22 21 20 19 18 17 16 15 15 14 14 13 12 11 10 9 8 7 6 5 4 3 2 1 0 
253 251 249 248 247 246 245 244 243 242 241 240 239 238 238 238 237 235 233 232 231 230 229 228 227 226 225 224 223 222 222 222 221 219 217 216 215 214 213 212 211 210 209 208 207 206 206 206 205 203 201 200 199 198 197 196 195 194 193 192 191 190 190 190 189 187 185 184 183 182 181 180 179 178 177 176 175 174 174 174 173 171 169 168 167 166 165 164 163 162 161 160 159 158 158 158 157 155 153 152 151 150 149 148 147 146 145 144 143 142 142 142 141 139 137 136 135 134 133 132 131 130 129 128 127 126 126 126 125 123 121 120 119 118 117 116 115 114 113 112 111 110 110 110 109 107 105 104 103 102 101 100 99 98 97 96 95 94 94 94 93 91 89 88 87 86 85 84 83 82 81 80 79 78 78 78 77 75 73 72 71 70 69 68 67 66 65 64 63 62 62 62 61 59 57 56 55 54 53 52 51 50 49 48 47 46 46 46 45 43 41 40 39 38 37 36 35 34 33 32 31 30 30 30 30 29 27 26 25 24 23 22 21 20 19 18 17 16 16 15 15 14 13 12 11 10 9 8 7 6 5 4 3 2 1 0 
286 284 282 281 280 279 278 277 276 275 274 273 272 271 270 270 270 269 267 265 264 263 262 261 260 259 258 257 256 255 254 253 253 253 252 250 248 247 246 245 244 243 242 241 240 239 238 237 236 236 236 235 233 231 230 229 228 227 226 225 224 223 222 221 220 219 219 219 218 216 214 213 212 211 210 209 208 207 206 205 204 203 202 202 202 201 199 197 196 195 194 193 192 191 190 189 188 187 186 185 185 185 184 182 180 179 178 177 176 175 174 173 172 171 170 169 168 168 168 167 165 163 162 161 160 159 158 157 156 155 154 153 152 151 151 151 150 148 146 145 144 143 142 141 140 139 138 137 136 135 134 134 134 133 131 129 128 127 126 125 124 123 122 121 120 119 118 117 117 117 116 114 112 111 110 109 108 107 106 105 104 103 102 101 100 100 100 99 97 95 94 93 92 91 90 89 88 87 86 85 84 83 83 83 82 80 78 77 76 75 74 73 72 71 70 69 68 67 66 66 66 65 63 61 60 59 58 57 56 55 54 53 52 51 50 49 49 49 48 46 44 43 42 41 40 39 38 37 36 35 34 33 32 32 32 32 31 29 28 27 26 25 24 23 22 21 20 19 18 17 17 16 16 15 14 13 12 11 10 9 8 7 6 5 4 3 2 1 0 
321 319 317 316 315 314 313 312 311 310 309 308 307 306 305 304 304 304 303 301 299 298 297 296 295 294 293 292 291 290 289 288 287 286 286 286 285 283 281 280 279 278 277 276 275 274 273 272 271 270 269 268 268 268 267 265 263 262 261 260 259 258 257 256 255 254 253 252 251 250 250 250 249 247 245 244 243 242 241 240 239 238 237 236 235 234 233 232 232 232 231 229 227 226 225 224 223 222 221 220 219 218 217 216 215 214 214 214 213 211 209 208 207 206 205 204 203 202 201 200 199 198 197 196 196 196 195 193 191 190 189 188 187 186 185 184 183 182 181 180 179 178 178 178 177 175 173 172 171 170 169 168 167 166 165 164 163 162 161 160 160 160 159 157 155 154 153 152 151 150 149 148 147 146 145 144 143 142 142 142 141 139 137 136 135 134 133 132 131 130 129 128 127 126 125 124 124 124 123 121 119 118 117 116 115 114 113 112 111 110 109 108 107 106 106 106 105 103 101 100 99 98 97 96 95 94 93 92 91 90 89 88 88 88 87 85 83 82 81 80 79 78 77 76 75 74 73 72 71 70 70 70 69 67 65 64 63 62 61 60 59 58 57 56 55 54 53 52 52 52 51 49 47 46 45 44 43 42 41 40 39 38 37 36 35 34 34 34 34 33 31 30 29 28 27 26 25 24 23 22 21 20 19 18 18 17 17 16 15 14 13 12 11 10 9 8 7 6 5 4 3 2 1 0 
358 356 354 353 352 351 350 349 348 347 346 345 344 343 342 341 340 340 340 339 337 335 334 333 332 331 330 329 328 327 326 325 324 323 322 321 321 321 320 318 316 315 314 313 312 311 310 309 308 307 306 305 304 303 302 302 302 301 299 297 296 295 294 293 292 291 290 289 288 287 286 285 284 283 283 283 282 280 278 277 276 275 274 273 272 271 270 269 268 267 266 265 264 264 264 263 261 259 258 257 256 255 254 253 252 251 250 249 248 247 246 245 245 245 244 242 240 239 238 237 236 235 234 233 232 231 230 229 228 227 226 226 226 225 223 221 220 219 218 217 216 215 214 213 212 211 210 209 208 207 207 207 206 204 202 201 200 199 198 197 196 195 194 193 192 191 190 189 188 188 188 187 185 183 182 181 180 179 178 177 176 175 174 173 172 171 170 169 169 169 168 166 164 163 162 161 160 159 158 157 156 155 154 153 152 151 150 150 150 149 147 145 144 143 142 141 140 139 138 137 136 135 134 133 132 131 131 131 130 128 126 125 124 123 122 121 120 119 118 117 116 115 114 113 112 112 112 111 109 107 106 105 104 103 102 101 100 99 98 97 96 95 94 93 93 93 92 90 88 87 86 85 84 83 82 81 80 79 78 77 76 75 74 74 74 73 71 69 68 67 66 65 64 63 62 61 60 59 58 57 56 55 55 55 54 52 50 49 48 47 46 45 44 43 42 41 40 39 38 37 36 36 36 36 35 33 32 31 30 29 28 27 26 25 24 23 22 21 20 19 19 18 18 17 16 15 14 13 12 11 10 9 8 7 6 5 4 3 2 1 0 
397 395 393 392 391 390 389 388 387 386 385 384 383 382 381 380 379 378 378 378 377 375 373 372 371 370 369 368 367 366 365 364 363 362 361 360 359 358 358 358 357 355 353 352 351 350 349 348 347 346 345 344 343 342 341 340 339 338 338 338 337 335 333 332 331 330 329 328 327 326 325 324 323 322 321 320 319 318 318 318 317 315 313 312 311 310 309 308 307 306 305 304 303 302 301 300 299 298 298 298 297 295 293 292 291 290 289 288 287 286 285 284 283 282 281 280 279 278 278 278 277 275 273 272 271 270 269 268 267 266 265 264 263 262 261 260 259 258 258 258 257 255 253 252 251 250 249 248 247 246 245 244 243 242 241 240 239 238 238 238 237 235 233 232 231 230 229 228 227 226 225 224 223 222 221 220 219 218 218 218 217 215 213 212 211 210 209 208 207 206 205 204 203 202 201 200 199 198 198 198 197 195 193 192 191 190 189 188 187 186 185 184 183 182 181 180 179 178 178 178 177 175 173 172 171 170 169 168 167 166 165 164 163 162 161 160 159 158 158 158 157 155 153 152 151 150 149 148 147 146 145 144 143 142 141 140 139 138 138 138 137 135 133 132 131 130 129 128 127 126 125 124 123 122 121 120 119 118 118 118 117 115 113 112 111 110 109 108 107 106 105 104 103 102 101 100 99 98 98 98 97 95 93 92 91 90 89 88 87 86 85 84 83 82 81 80 79 78 78 78 77 75 73 72 71 70 69 68 67 66 65 64 63 62 61 60 59 58 58 58 57 55 53 52 51 50 49 48 47 46 45 44 43 42 41 40 39 38 38 38 38 37 35 34 33 32 31 30 29 28 27 26 25 24 23 22 21 20 20 19 19 18 17 16 15 14 13 12 11 10 9 8 7 6 5 4 3 2 1 0 
